[I:/Experiment/dataset/pafiss_eval_dataset/sequence03/2043_000000.jpeg23818t0:12 162 36 186
t1:52 134 78 160
[I:/Experiment/dataset/pafiss_eval_dataset/sequence03/2043_000001.jpeg23818t0:12 162 36 186
t1:52 134 78 160
[I:/Experiment/dataset/pafiss_eval_dataset/sequence03/2043_000002.jpeg23818t0:11 162 35 186
t1:52 135 78 161
t2:1 213 20 242
[I:/Experiment/dataset/pafiss_eval_dataset/sequence03/2043_000003.jpeg23818t0:11 162 35 186
t1:52 135 78 161
t2:1 210 20 240
[I:/Experiment/dataset/pafiss_eval_dataset/sequence03/2043_000004.jpeg23818t0:11 161 35 185
t1:52 135 78 161
t2:2 213 19 238
[I:/Experiment/dataset/pafiss_eval_dataset/sequence03/2043_000005.jpeg23818t0:12 162 34 184
t1:52 136 78 162
t2:0 208 18 236
[I:/Experiment/dataset/pafiss_eval_dataset/sequence03/2043_000006.jpeg23818t0:11 162 33 184
t1:53 136 79 162
t2:0 207 18 235
t3:233 179 251 191
[I:/Experiment/dataset/pafiss_eval_dataset/sequence03/2043_000007.jpeg23818t0:11 161 33 183
t1:53 136 79 162
t2:0 206 16 231
t3:233 179 251 191
[I:/Experiment/dataset/pafiss_eval_dataset/sequence03/2043_000008.jpeg23818t0:11 161 33 183
t1:53 136 79 162
t2:0 205 17 231
t3:233 179 251 191
[I:/Experiment/dataset/pafiss_eval_dataset/sequence03/2043_000009.jpeg23818t0:11 161 33 183
t1:53 136 79 162
t2:0 203 16 227
t3:233 179 251 191
[I:/Experiment/dataset/pafiss_eval_dataset/sequence03/2043_000010.jpeg23818t0:11 160 33 182
t1:53 136 79 162
t2:-1 202 15 226
t3:233 179 251 191
[I:/Experiment/dataset/pafiss_eval_dataset/sequence03/2043_000011.jpeg23818t0:10 160 32 182
t1:53 136 79 162
t2:-1 202 14 225
t3:233 179 251 191
[I:/Experiment/dataset/pafiss_eval_dataset/sequence03/2043_000012.jpeg23818t0:10 160 32 182
t1:53 137 79 163
t2:-1 199 15 224
t3:234 180 252 192
[I:/Experiment/dataset/pafiss_eval_dataset/sequence03/2043_000013.jpeg23818t0:10 159 32 181
t1:53 136 79 162
t2:-2 197 14 222
t3:234 180 252 192
[I:/Experiment/dataset/pafiss_eval_dataset/sequence03/2043_000014.jpeg23818t0:9 158 31 180
t1:53 136 79 162
t2:-1 198 14 220
t3:234 180 252 192
[I:/Experiment/dataset/pafiss_eval_dataset/sequence03/2043_000015.jpeg23818t0:9 158 31 180
t1:53 137 79 163
t2:-1 197 14 219
t3:234 180 252 192
[I:/Experiment/dataset/pafiss_eval_dataset/sequence03/2043_000016.jpeg23818t0:9 158 31 180
t1:53 137 79 163
t2:-2 195 13 217
t3:234 181 252 193
[I:/Experiment/dataset/pafiss_eval_dataset/sequence03/2043_000017.jpeg23818t0:9 158 31 180
t1:53 137 79 163
t2:-3 193 13 217
t3:233 181 251 193
[I:/Experiment/dataset/pafiss_eval_dataset/sequence03/2043_000018.jpeg23818t0:9 157 31 179
t1:53 137 79 163
t2:-3 192 13 216
t3:234 181 252 193
[I:/Experiment/dataset/pafiss_eval_dataset/sequence03/2043_000019.jpeg23818t0:9 157 31 179
t1:54 137 80 163
t2:-3 191 12 214
t3:234 182 252 194
[I:/Experiment/dataset/pafiss_eval_dataset/sequence03/2043_000020.jpeg23818t0:8 157 30 179
t1:53 137 80 164
t2:-2 192 12 214
t3:234 182 252 194
[I:/Experiment/dataset/pafiss_eval_dataset/sequence03/2043_000021.jpeg23818t0:8 157 30 179
t1:53 137 80 164
t2:-2 191 12 213
t3:234 182 252 194
[I:/Experiment/dataset/pafiss_eval_dataset/sequence03/2043_000022.jpeg23818t0:8 156 30 178
t1:53 137 80 164
t2:-3 190 11 212
t3:234 182 252 194
[I:/Experiment/dataset/pafiss_eval_dataset/sequence03/2043_000023.jpeg23818t0:8 156 30 178
t1:53 138 80 165
t2:-3 188 11 210
t3:234 182 252 194
[I:/Experiment/dataset/pafiss_eval_dataset/sequence03/2043_000024.jpeg23818t0:8 155 30 177
t1:54 138 81 165
t2:-3 189 11 210
t3:234 182 252 194
[I:/Experiment/dataset/pafiss_eval_dataset/sequence03/2043_000025.jpeg23818t0:7 155 29 177
t1:54 138 81 165
t2:-4 187 10 208
t3:234 182 252 194
[I:/Experiment/dataset/pafiss_eval_dataset/sequence03/2043_000026.jpeg23818t0:8 156 27 175
t1:53 138 80 165
t2:-3 186 9 205
t3:234 182 252 194
[I:/Experiment/dataset/pafiss_eval_dataset/sequence03/2043_000027.jpeg23818t0:8 156 27 175
t1:54 138 81 165
t2:-3 186 9 205
t3:235 183 253 195
[I:/Experiment/dataset/pafiss_eval_dataset/sequence03/2043_000028.jpeg23818t0:8 155 27 174
t1:54 138 81 165
t2:-2 187 9 204
t3:235 183 253 195
t4:54 241 90 280
[I:/Experiment/dataset/pafiss_eval_dataset/sequence03/2043_000029.jpeg23818t0:8 155 27 174
t1:54 138 81 165
t2:-3 184 9 203
t3:235 183 253 195
t4:53 238 89 277
[I:/Experiment/dataset/pafiss_eval_dataset/sequence03/2043_000030.jpeg23818t0:8 155 27 174
t1:54 138 81 165
t2:-3 183 9 202
t3:235 182 253 194
t4:53 237 89 276
t5:81 213 111 247
[I:/Experiment/dataset/pafiss_eval_dataset/sequence03/2043_000031.jpeg23818t0:8 154 27 173
t1:54 138 81 165
t2:-3 182 9 201
t3:235 183 253 195
t4:52 234 86 271
t5:81 212 111 246
[I:/Experiment/dataset/pafiss_eval_dataset/sequence03/2043_000032.jpeg23818t0:8 154 27 173
t1:54 138 81 165
t2:-3 183 9 201
t3:235 183 253 195
t4:51 232 85 269
t5:81 211 111 245
[I:/Experiment/dataset/pafiss_eval_dataset/sequence03/2043_000033.jpeg23818t0:8 154 27 173
t1:55 138 82 165
t2:-3 181 9 199
t3:235 183 253 195
t4:50 230 84 267
t5:80 211 110 245
[I:/Experiment/dataset/pafiss_eval_dataset/sequence03/2043_000034.jpeg23818t0:7 152 26 171
t1:55 138 82 165
t2:-3 180 9 199
t3:236 183 254 195
t4:49 227 83 264
t5:80 210 110 244
[I:/Experiment/dataset/pafiss_eval_dataset/sequence03/2043_000035.jpeg23818t0:7 152 26 171
t1:55 138 82 165
t2:-3 180 8 197
t3:236 183 254 195
t4:47 225 81 262
t5:80 208 108 240
[I:/Experiment/dataset/pafiss_eval_dataset/sequence03/2043_000036.jpeg23818t0:7 153 26 172
t1:55 139 82 166
t2:-3 179 8 196
t3:236 183 254 195
t4:46 225 78 260
t5:80 208 108 240
[I:/Experiment/dataset/pafiss_eval_dataset/sequence03/2043_000037.jpeg23818t0:8 154 26 172
t1:55 138 82 165
t2:-3 179 8 196
t3:236 183 254 195
t4:47 224 76 256
t5:79 207 107 239
[I:/Experiment/dataset/pafiss_eval_dataset/sequence03/2043_000038.jpeg23818t0:9 154 25 170
t1:55 139 82 166
t2:-3 178 8 195
t3:236 183 255 195
t4:46 222 75 254
t5:79 206 107 238
[I:/Experiment/dataset/pafiss_eval_dataset/sequence03/2043_000039.jpeg23818t0:7 152 25 170
t1:55 139 82 166
t2:-5 176 7 194
t3:236 183 255 195
t4:42 219 74 253
t5:79 205 107 237
[I:/Experiment/dataset/pafiss_eval_dataset/sequence03/2043_000040.jpeg23818t0:7 151 25 169
t1:55 139 82 166
t2:-5 176 7 194
t3:236 183 255 195
t4:45 221 74 252
t5:78 204 106 236
[I:/Experiment/dataset/pafiss_eval_dataset/sequence03/2043_000041.jpeg23818t0:7 151 25 169
t1:55 139 82 166
t2:-4 176 7 193
t3:237 183 256 195
t4:42 217 71 248
t5:77 204 105 236
[I:/Experiment/dataset/pafiss_eval_dataset/sequence03/2043_000042.jpeg23818t0:6 151 24 169
t1:55 139 82 166
t2:-4 176 6 191
t3:236 183 255 195
t4:41 216 70 247
t5:78 206 104 236
[I:/Experiment/dataset/pafiss_eval_dataset/sequence03/2043_000043.jpeg23818t0:6 151 24 169
t1:55 139 82 166
t2:-4 174 6 189
t3:236 183 255 196
t4:41 214 70 245
t5:78 204 103 233
[I:/Experiment/dataset/pafiss_eval_dataset/sequence03/2043_000044.jpeg23818t0:6 151 24 169
t1:55 139 82 166
t2:-4 174 7 190
t3:236 183 255 196
t4:42 215 69 244
t5:77 202 104 233
[I:/Experiment/dataset/pafiss_eval_dataset/sequence03/2043_000045.jpeg23818t0:6 151 24 169
t1:56 139 83 166
t2:-5 173 6 190
t3:236 183 255 196
t4:39 212 66 241
t5:76 202 103 233
[I:/Experiment/dataset/pafiss_eval_dataset/sequence03/2043_000046.jpeg23818t0:6 150 24 168
t1:56 140 83 167
t2:-5 173 6 190
t3:237 183 256 196
t4:39 210 66 239
t5:77 202 102 230
[I:/Experiment/dataset/pafiss_eval_dataset/sequence03/2043_000047.jpeg23818t0:7 149 23 165
t1:56 140 83 167
t2:-4 172 6 187
t3:236 183 255 196
t4:36 207 63 237
t5:76 201 101 229
[I:/Experiment/dataset/pafiss_eval_dataset/sequence03/2043_000048.jpeg23818t0:6 150 22 166
t1:56 140 83 167
t2:-4 172 6 187
t3:236 183 255 196
t4:36 206 63 236
t5:76 200 101 228
[I:/Experiment/dataset/pafiss_eval_dataset/sequence03/2043_000049.jpeg23818t0:6 149 22 165
t1:56 139 83 166
t2:-4 171 6 186
t3:237 184 256 197
t4:37 206 62 233
t5:76 199 101 227
[I:/Experiment/dataset/pafiss_eval_dataset/sequence03/2043_000050.jpeg23818t0:6 149 22 165
t1:56 140 83 167
t2:-4 171 6 186
t3:237 184 256 197
t4:36 204 61 231
t5:76 198 101 226
[I:/Experiment/dataset/pafiss_eval_dataset/sequence03/2043_000051.jpeg23818t0:6 149 23 166
t1:56 140 83 167
t2:-5 169 5 184
t3:238 184 255 195
t4:36 203 61 230
t5:76 198 101 226
[I:/Experiment/dataset/pafiss_eval_dataset/sequence03/2043_000052.jpeg23818t0:7 149 24 166
t1:56 140 83 167
t2:-5 169 5 184
t3:238 184 256 196
t4:35 202 60 229
t5:76 197 101 225
[I:/Experiment/dataset/pafiss_eval_dataset/sequence03/2043_000053.jpeg23818t0:7 148 24 165
t1:57 139 84 166
t2:-5 167 5 182
t3:238 184 255 195
t4:34 200 59 227
t5:76 196 101 224
[I:/Experiment/dataset/pafiss_eval_dataset/sequence03/2043_000054.jpeg23818t0:6 148 23 165
t1:57 139 84 166
t2:-5 166 6 182
t3:239 185 256 196
t4:34 198 59 225
t5:75 195 100 223
[I:/Experiment/dataset/pafiss_eval_dataset/sequence03/2043_000055.jpeg23818t0:7 147 24 164
t1:57 140 84 167
t2:-5 167 6 183
t3:239 184 256 195
t4:33 198 58 225
t5:76 195 101 223
[I:/Experiment/dataset/pafiss_eval_dataset/sequence03/2043_000056.jpeg23818t0:7 148 24 165
t1:57 140 84 167
t2:-5 166 6 182
t3:238 184 256 196
t4:33 196 58 223
t5:76 194 101 222
[I:/Experiment/dataset/pafiss_eval_dataset/sequence03/2043_000057.jpeg23818t0:6 147 23 164
t1:57 139 84 166
t2:-4 166 6 181
t3:239 184 257 196
t4:32 197 54 221
t5:76 194 101 222
[I:/Experiment/dataset/pafiss_eval_dataset/sequence03/2043_000058.jpeg23818t0:6 147 23 164
t1:57 139 84 166
t2:-4 165 6 180
t3:239 184 257 196
t4:32 196 54 220
t5:75 193 100 221
[I:/Experiment/dataset/pafiss_eval_dataset/sequence03/2043_000059.jpeg23818t0:6 147 23 164
t1:58 140 85 167
t2:-4 165 6 180
t3:239 184 257 196
t4:32 194 54 218
t5:75 192 100 220
[I:/Experiment/dataset/pafiss_eval_dataset/sequence03/2043_000060.jpeg23818t0:6 147 23 164
t1:58 140 85 167
t2:-4 164 6 179
t3:239 184 257 196
t4:31 194 53 218
t5:75 191 100 219
[I:/Experiment/dataset/pafiss_eval_dataset/sequence03/2043_000061.jpeg23818t0:6 146 23 163
t1:57 140 84 167
t2:-4 164 6 179
t3:238 184 256 196
t4:32 193 53 216
t5:75 191 98 218
[I:/Experiment/dataset/pafiss_eval_dataset/sequence03/2043_000062.jpeg23818t0:6 146 23 163
t1:58 140 85 167
t2:-5 163 5 178
t3:239 184 257 196
t4:30 192 51 215
t5:75 191 98 218
[I:/Experiment/dataset/pafiss_eval_dataset/sequence03/2043_000063.jpeg23818t0:5 146 22 163
t1:58 140 85 167
t2:-5 162 5 177
t3:239 184 257 196
t4:30 191 50 213
t5:77 192 98 216
[I:/Experiment/dataset/pafiss_eval_dataset/sequence03/2043_000064.jpeg23818t0:5 144 22 161
t1:58 140 85 167
t2:-5 162 5 177
t3:239 184 257 196
t4:30 190 50 212
t5:76 191 97 215
[I:/Experiment/dataset/pafiss_eval_dataset/sequence03/2043_000065.jpeg23818t0:6 145 21 160
t1:58 140 85 167
t2:-5 162 4 176
t3:239 184 257 196
t4:28 189 49 211
t5:76 190 97 214
[I:/Experiment/dataset/pafiss_eval_dataset/sequence03/2043_000066.jpeg23818t0:6 145 21 160
t1:58 139 85 166
t2:-5 161 4 175
t3:239 184 257 196
t4:28 187 49 209
t5:76 190 97 214
[I:/Experiment/dataset/pafiss_eval_dataset/sequence03/2043_000067.jpeg23818t0:6 145 22 161
t1:58 139 85 166
t2:-6 161 3 175
t3:239 183 257 195
t4:28 186 49 208
t5:77 189 98 213
[I:/Experiment/dataset/pafiss_eval_dataset/sequence03/2043_000068.jpeg23818t0:6 144 22 160
t1:58 139 85 166
t2:-5 161 4 175
t3:239 183 257 195
t4:27 186 48 208
t5:76 188 97 212
[I:/Experiment/dataset/pafiss_eval_dataset/sequence03/2043_000069.jpeg23818t0:7 145 22 160
t1:58 139 85 166
t2:-5 160 4 174
t3:239 183 257 195
t4:27 185 48 207
t5:77 188 98 212
[I:/Experiment/dataset/pafiss_eval_dataset/sequence03/2043_000070.jpeg23818t0:5 143 20 158
t1:59 139 86 166
t2:-5 160 3 173
t3:239 183 257 195
t4:28 184 47 204
t5:76 187 97 211
[I:/Experiment/dataset/pafiss_eval_dataset/sequence03/2043_000071.jpeg23818t0:5 143 20 158
t1:59 139 86 166
t2:-5 158 3 171
t3:239 182 257 194
t4:27 182 46 203
t5:77 188 97 211
[I:/Experiment/dataset/pafiss_eval_dataset/sequence03/2043_000072.jpeg23818t0:5 143 21 159
t1:59 139 86 166
t2:-5 159 3 172
t3:240 183 258 195
t4:27 183 45 203
t5:77 185 98 209
[I:/Experiment/dataset/pafiss_eval_dataset/sequence03/2043_000073.jpeg23818t0:5 143 21 159
t1:59 139 86 166
t2:-5 158 3 171
t3:240 183 258 195
t4:26 180 46 201
t5:77 185 98 209
[I:/Experiment/dataset/pafiss_eval_dataset/sequence03/2043_000074.jpeg23818t0:5 143 21 159
t1:59 139 86 166
t2:-4 157 4 170
t3:240 183 258 195
t4:26 180 46 201
t5:77 185 98 209
[I:/Experiment/dataset/pafiss_eval_dataset/sequence03/2043_000075.jpeg23818t0:5 142 21 158
t1:59 139 86 166
t2:-4 157 4 170
t3:240 183 258 195
t4:27 181 45 200
t5:77 185 97 207
[I:/Experiment/dataset/pafiss_eval_dataset/sequence03/2043_000076.jpeg23818t0:5 142 21 158
t1:59 138 86 165
t2:-4 157 4 170
t3:240 183 258 195
t4:26 179 44 198
t5:77 185 97 207
[I:/Experiment/dataset/pafiss_eval_dataset/sequence03/2043_000077.jpeg23818t0:6 142 22 158
t1:59 139 86 166
t2:-4 156 4 169
t3:240 183 258 195
t4:24 177 42 197
t5:77 184 97 206
[I:/Experiment/dataset/pafiss_eval_dataset/sequence03/2043_000078.jpeg23818t0:5 141 21 157
t1:59 139 86 166
t2:-4 155 4 167
t3:240 183 258 195
t4:25 177 42 196
t5:78 182 98 205
[I:/Experiment/dataset/pafiss_eval_dataset/sequence03/2043_000079.jpeg23818t0:5 141 21 157
t1:59 139 86 166
t2:-4 155 4 167
t3:240 183 258 195
t4:25 177 42 196
t5:78 182 98 205
[I:/Experiment/dataset/pafiss_eval_dataset/sequence03/2043_000080.jpeg23818t0:5 141 21 157
t1:60 139 87 166
t2:-5 155 4 168
t3:240 182 258 194
t4:24 176 41 195
t5:78 181 98 204
[I:/Experiment/dataset/pafiss_eval_dataset/sequence03/2043_000081.jpeg23818t0:5 141 21 157
t1:60 139 87 166
t2:-5 154 4 167
t3:240 182 258 194
t4:24 175 41 194
t5:78 181 98 204
[I:/Experiment/dataset/pafiss_eval_dataset/sequence03/2043_000082.jpeg23818t0:4 140 20 156
t1:60 139 87 166
t2:-5 154 4 167
t3:240 182 258 194
t4:23 175 40 194
t5:78 180 98 203
[I:/Experiment/dataset/pafiss_eval_dataset/sequence03/2043_000083.jpeg23818t0:4 141 18 155
t1:59 138 86 165
t2:-6 154 2 166
t3:240 182 258 194
t4:22 174 39 193
t5:78 180 98 203
[I:/Experiment/dataset/pafiss_eval_dataset/sequence03/2043_000084.jpeg23818t0:4 140 18 154
t1:59 139 86 166
t2:-5 153 2 164
t3:240 182 258 194
t4:22 172 39 191
t5:78 179 98 202
[I:/Experiment/dataset/pafiss_eval_dataset/sequence03/2043_000085.jpeg23818t0:2 138 17 153
t1:59 139 84 164
t2:-5 154 1 164
t3:240 182 258 194
t4:22 173 38 190
t5:78 178 98 201
t6:282 167 294 191
[I:/Experiment/dataset/pafiss_eval_dataset/sequence03/2043_000086.jpeg23818t0:3 137 17 151
t1:59 139 84 164
t2:-4 157 2 167
t3:240 180 259 192
t4:20 171 36 188
t5:79 178 99 200
t6:282 167 294 191
[I:/Experiment/dataset/pafiss_eval_dataset/sequence03/2043_000087.jpeg23818t0:3 137 18 152
t1:59 138 84 163
t2:-4 159 2 168
t3:239 181 256 192
t4:20 169 36 187
t5:79 177 98 198
t6:282 167 294 191
[I:/Experiment/dataset/pafiss_eval_dataset/sequence03/2043_000088.jpeg23818t0:2 136 17 151
t1:59 138 84 163
t2:-4 162 1 170
t3:239 180 257 192
t4:18 169 35 187
t5:78 176 97 197
t6:282 167 294 191
[I:/Experiment/dataset/pafiss_eval_dataset/sequence03/2043_000089.jpeg23818t0:2 136 17 151
t1:58 137 83 162
t2:-4 164 1 172
t3:239 180 257 192
t4:19 167 36 185
t5:79 176 98 197
t6:281 166 293 190
[I:/Experiment/dataset/pafiss_eval_dataset/sequence03/2043_000090.jpeg23818t0:1 136 16 151
t1:59 138 84 163
t2:-4 163 2 173
t3:239 180 257 192
t4:20 167 35 183
t5:79 175 98 196
t6:281 166 293 190
[I:/Experiment/dataset/pafiss_eval_dataset/sequence03/2043_000091.jpeg23818t0:2 136 15 149
t1:58 137 83 162
t2:-4 162 2 172
t3:239 180 257 192
t4:18 166 33 182
t5:79 175 98 196
t6:281 166 293 190
[I:/Experiment/dataset/pafiss_eval_dataset/sequence03/2043_000092.jpeg23818t0:2 135 15 148
t1:59 137 84 162
t2:-4 165 3 176
t3:239 180 257 192
t4:19 166 34 182
t5:79 174 98 195
t6:281 166 293 190
[I:/Experiment/dataset/pafiss_eval_dataset/sequence03/2043_000093.jpeg23818t0:2 135 15 148
t1:58 137 83 162
t3:238 180 256 192
t4:17 166 32 183
t5:79 174 98 195
t6:281 166 293 190
[I:/Experiment/dataset/pafiss_eval_dataset/sequence03/2043_000094.jpeg23818t0:2 135 15 148
t1:59 137 84 162
t3:238 180 256 192
t4:17 164 32 181
t5:79 174 98 195
t6:281 166 293 190
[I:/Experiment/dataset/pafiss_eval_dataset/sequence03/2043_000095.jpeg23818t0:1 135 14 148
t1:58 137 83 162
t3:238 180 256 192
t4:17 164 32 181
t5:80 173 99 194
t6:281 166 293 190
[I:/Experiment/dataset/pafiss_eval_dataset/sequence03/2043_000096.jpeg23818t0:1 135 14 148
t1:58 137 83 162
t3:238 180 256 192
t4:17 163 33 180
t5:80 173 99 194
t6:281 166 293 190
[I:/Experiment/dataset/pafiss_eval_dataset/sequence03/2043_000097.jpeg23818t0:1 135 14 148
t1:58 138 83 163
t3:238 180 256 192
t4:16 162 32 179
t5:80 172 99 193
t6:281 166 293 190
[I:/Experiment/dataset/pafiss_eval_dataset/sequence03/2043_000098.jpeg23818t0:1 135 14 148
t1:58 137 83 162
t3:238 180 256 192
t4:16 162 32 179
t5:81 173 100 194
t6:281 166 293 190
[I:/Experiment/dataset/pafiss_eval_dataset/sequence03/2043_000099.jpeg23818t0:0 134 13 147
t1:58 138 83 163
t3:238 181 256 193
t4:16 162 32 179
t5:81 172 100 193
t6:281 166 293 190
[I:/Experiment/dataset/pafiss_eval_dataset/sequence03/2043_000100.jpeg23818t0:0 134 13 147
t1:58 137 83 162
t3:238 181 256 193
t4:17 162 31 178
t5:81 172 100 193
t6:281 166 293 190
[I:/Experiment/dataset/pafiss_eval_dataset/sequence03/2043_000101.jpeg23818t0:0 134 13 147
t1:58 138 83 163
t3:238 180 257 192
t4:15 161 30 177
t5:82 171 101 192
t6:281 166 293 190
[I:/Experiment/dataset/pafiss_eval_dataset/sequence03/2043_000102.jpeg23818t0:1 135 14 148
t1:58 138 83 163
t3:238 180 257 192
t4:15 160 30 176
t5:82 171 101 192
t6:281 166 293 190
[I:/Experiment/dataset/pafiss_eval_dataset/sequence03/2043_000103.jpeg23818t0:0 134 13 147
t1:58 138 83 163
t3:238 180 257 192
t4:14 160 29 176
t5:84 171 103 192
t6:281 166 293 190
[I:/Experiment/dataset/pafiss_eval_dataset/sequence03/2043_000104.jpeg23818t0:0 134 13 147
t1:58 137 83 162
t3:238 180 257 192
t4:14 159 29 175
t5:84 172 101 191
t6:281 166 293 191
[I:/Experiment/dataset/pafiss_eval_dataset/sequence03/2043_000105.jpeg23818t0:0 134 13 147
t1:58 137 83 162
t3:238 180 257 192
t4:14 159 29 175
t5:85 171 102 190
t6:281 166 294 191
[I:/Experiment/dataset/pafiss_eval_dataset/sequence03/2043_000106.jpeg23818t0:0 134 13 147
t1:58 138 83 163
t3:238 181 257 193
t4:14 158 29 174
t5:86 171 103 190
t6:280 166 293 191
[I:/Experiment/dataset/pafiss_eval_dataset/sequence03/2043_000107.jpeg23818t0:-1 134 12 147
t1:58 138 83 163
t3:238 181 257 193
t4:13 158 28 175
t5:86 171 103 190
t6:281 166 293 190
[I:/Experiment/dataset/pafiss_eval_dataset/sequence03/2043_000108.jpeg23818t0:-1 133 12 146
t1:58 138 83 163
t3:238 180 257 192
t4:12 158 27 175
t5:87 171 104 190
t6:281 167 293 191
[I:/Experiment/dataset/pafiss_eval_dataset/sequence03/2043_000109.jpeg23818t0:-1 133 12 146
t1:58 138 83 163
t2:6 246 43 287
t3:238 181 257 193
t4:13 158 28 174
t5:88 170 105 189
t6:281 167 293 191
[I:/Experiment/dataset/pafiss_eval_dataset/sequence03/2043_000110.jpeg23818t0:-1 133 12 146
t1:58 138 83 163
t2:6 243 43 284
t3:238 181 257 193
t4:12 157 27 173
t5:88 170 105 189
t6:281 167 293 191
[I:/Experiment/dataset/pafiss_eval_dataset/sequence03/2043_000111.jpeg23818t0:-1 133 12 146
t1:58 139 83 164
t2:7 242 40 279
t3:238 181 257 193
t4:12 157 27 173
t5:89 169 105 187
t6:281 167 293 191
[I:/Experiment/dataset/pafiss_eval_dataset/sequence03/2043_000112.jpeg23818t0:-1 134 12 147
t1:58 138 83 163
t2:6 239 39 276
t3:238 181 257 193
t4:12 157 27 173
t5:90 170 106 188
t6:281 167 293 191
t6:56 241 94 284
[I:/Experiment/dataset/pafiss_eval_dataset/sequence03/2043_000113.jpeg23818t0:-1 133 12 146
t1:58 139 83 164
t2:6 237 39 274
t3:238 180 257 192
t4:12 157 25 171
t5:90 170 106 188
t6:281 167 293 191
t6:55 240 94 284
[I:/Experiment/dataset/pafiss_eval_dataset/sequence03/2043_000114.jpeg23818t0:-2 133 11 146
t1:57 139 82 164
t2:5 234 38 271
t3:239 181 256 192
t4:12 157 25 171
t5:91 169 108 188
t6:281 167 293 191
t6:53 236 92 280
[I:/Experiment/dataset/pafiss_eval_dataset/sequence03/2043_000115.jpeg23818t0:-2 133 11 146
t1:57 139 82 164
t2:5 232 38 269
t3:238 181 255 192
t4:12 156 25 170
t5:91 169 108 188
t6:280 166 292 190
t6:53 234 92 278
[I:/Experiment/dataset/pafiss_eval_dataset/sequence03/2043_000116.jpeg23818t0:-2 133 11 146
t1:58 139 83 164
t2:5 231 37 267
t3:238 181 255 193
t4:12 156 25 170
t5:92 169 109 188
t6:281 166 293 190
t6:55 237 89 275
[I:/Experiment/dataset/pafiss_eval_dataset/sequence03/2043_000117.jpeg23818t0:-1 133 11 145
t1:58 138 83 163
t2:3 227 35 263
t3:238 181 256 193
t4:11 156 24 170
t5:92 169 109 188
t6:281 166 293 190
t6:51 232 85 270
[I:/Experiment/dataset/pafiss_eval_dataset/sequence03/2043_000118.jpeg23818t0:-2 133 10 145
t1:57 139 82 164
t2:3 225 34 259
t3:238 180 257 193
t4:12 155 25 169
t5:94 169 111 188
t6:281 167 293 191
t6:50 228 84 266
[I:/Experiment/dataset/pafiss_eval_dataset/sequence03/2043_000119.jpeg23818t0:-2 133 10 145
t1:58 138 83 163
t2:2 223 33 257
t3:237 180 256 193
t4:11 154 24 168
t5:95 168 111 186
t6:281 167 293 191
t6:49 227 83 266
[I:/Experiment/dataset/pafiss_eval_dataset/sequence03/2043_000120.jpeg23818t0:-2 132 10 144
t1:58 139 83 164
t2:2 221 33 255
t3:237 181 256 194
t4:11 153 24 167
t5:95 168 111 186
t6:281 167 293 191
t6:48 223 82 262
[I:/Experiment/dataset/pafiss_eval_dataset/sequence03/2043_000121.jpeg23818t0:-2 132 10 144
t1:57 138 82 163
t2:2 221 32 254
t3:237 181 256 194
t4:11 153 23 166
t5:95 168 111 186
t6:281 167 293 191
t6:47 223 81 262
[I:/Experiment/dataset/pafiss_eval_dataset/sequence03/2043_000122.jpeg23818t0:-2 132 10 144
t1:57 139 82 164
t2:2 218 32 251
t3:237 181 256 194
t4:11 153 23 166
t5:96 167 112 185
t6:281 167 293 191
t6:46 221 79 258
[I:/Experiment/dataset/pafiss_eval_dataset/sequence03/2043_000123.jpeg23818t0:-2 131 10 143
t1:58 139 83 164
t2:1 217 31 250
t3:237 181 256 194
t4:11 153 23 166
t5:97 167 113 185
t6:281 168 293 192
t6:46 221 78 257
[I:/Experiment/dataset/pafiss_eval_dataset/sequence03/2043_000124.jpeg23818t0:-2 132 9 143
t1:57 139 82 164
t2:0 214 30 247
t3:237 181 256 194
t4:10 152 22 165
t5:98 167 114 185
t6:280 168 292 192
t6:45 219 77 255
[I:/Experiment/dataset/pafiss_eval_dataset/sequence03/2043_000125.jpeg23818t0:-2 131 9 142
t1:57 138 82 163
t2:1 213 28 243
t3:237 182 256 195
t4:8 151 21 165
t5:98 167 115 186
t6:280 168 292 192
t6:44 217 74 251
[I:/Experiment/dataset/pafiss_eval_dataset/sequence03/2043_000126.jpeg23818t0:-2 131 9 142
t1:58 139 83 164
t2:1 213 27 242
t3:237 182 256 195
t4:8 151 21 165
t5:99 167 116 186
t6:280 168 292 192
t6:43 216 73 250
[I:/Experiment/dataset/pafiss_eval_dataset/sequence03/2043_000127.jpeg23818t0:-3 131 8 142
t1:57 139 82 164
t2:0 211 26 240
t3:238 184 255 195
t4:8 150 21 164
t5:99 167 116 186
t6:280 168 292 192
t6:42 213 72 247
[I:/Experiment/dataset/pafiss_eval_dataset/sequence03/2043_000128.jpeg23818t0:-2 131 9 142
t1:57 139 82 164
t2:0 208 26 237
t3:237 183 256 195
t4:7 151 19 164
t5:100 167 117 186
t6:280 169 292 193
t6:40 212 70 246
[I:/Experiment/dataset/pafiss_eval_dataset/sequence03/2043_000129.jpeg23818t0:-3 130 8 141
t1:57 139 82 164
t2:-1 208 25 237
t3:237 183 256 195
t4:7 150 19 163
t5:100 167 117 186
t6:280 169 292 193
t6:39 210 69 244
[I:/Experiment/dataset/pafiss_eval_dataset/sequence03/2043_000130.jpeg23818t0:-3 130 8 141
t1:57 139 82 164
t2:-2 205 24 234
t3:238 183 256 195
t4:7 150 19 163
t5:103 168 118 185
t6:280 169 292 193
t6:41 212 69 243
[I:/Experiment/dataset/pafiss_eval_dataset/sequence03/2043_000131.jpeg23818t0:-3 130 8 141
t1:57 139 82 164
t2:-2 205 24 234
t3:238 183 256 195
t4:7 150 19 163
t5:103 166 119 184
t6:280 169 292 193
t6:39 209 67 240
[I:/Experiment/dataset/pafiss_eval_dataset/sequence03/2043_000132.jpeg23818t0:-4 130 7 141
t1:57 139 82 164
t2:-3 202 23 231
t3:237 183 255 195
t4:6 150 18 163
t5:104 166 120 184
t6:280 169 292 193
t6:38 208 66 239
[I:/Experiment/dataset/pafiss_eval_dataset/sequence03/2043_000133.jpeg23818t0:-4 130 7 141
t1:56 139 81 164
t2:-3 202 23 231
t3:237 183 255 195
t4:6 149 18 162
t5:105 167 119 183
t6:279 169 291 193
t6:38 208 65 238
[I:/Experiment/dataset/pafiss_eval_dataset/sequence03/2043_000134.jpeg23818t0:-4 130 7 141
t1:57 139 82 164
t2:-2 201 22 227
t3:237 183 255 195
t4:6 148 18 161
t5:106 167 120 183
t6:279 169 291 193
t6:36 205 63 235
[I:/Experiment/dataset/pafiss_eval_dataset/sequence03/2043_000135.jpeg23818t0:-4 130 7 141
t1:56 140 81 165
t2:-3 200 21 227
t3:236 183 255 196
t4:6 148 18 161
t5:106 166 121 183
t6:279 169 291 193
t6:35 204 62 234
[I:/Experiment/dataset/pafiss_eval_dataset/sequence03/2043_000136.jpeg23818t0:-3 130 7 140
t1:56 139 81 164
t2:-3 199 19 223
t3:236 183 255 196
t4:5 148 17 161
t5:106 166 121 183
t6:279 169 291 193
t6:35 201 62 232
[I:/Experiment/dataset/pafiss_eval_dataset/sequence03/2043_000137.jpeg23818t0:-4 130 6 140
t1:57 140 82 165
t2:-3 197 19 221
t3:236 183 255 196
t4:5 148 17 161
t5:108 166 123 183
t6:279 169 291 193
t6:34 200 61 231
[I:/Experiment/dataset/pafiss_eval_dataset/sequence03/2043_000138.jpeg23818t0:-4 131 6 141
t1:56 139 81 164
t2:-3 196 19 221
t3:236 184 254 196
t4:4 148 16 161
t5:109 165 124 182
t6:279 169 291 193
t6:33 199 60 230
[I:/Experiment/dataset/pafiss_eval_dataset/sequence03/2043_000139.jpeg23818t0:-4 131 6 141
t1:56 140 81 165
t2:-4 195 18 220
t3:236 184 254 196
t4:5 147 16 158
t5:109 165 124 182
t6:279 169 291 193
t6:33 197 60 228
[I:/Experiment/dataset/pafiss_eval_dataset/sequence03/2043_000140.jpeg23818t0:-4 130 6 140
t1:56 139 81 164
t2:-4 195 18 220
t3:236 184 254 196
t4:4 148 15 159
t5:111 165 126 182
t6:279 169 291 193
t6:35 200 58 227
[I:/Experiment/dataset/pafiss_eval_dataset/sequence03/2043_000141.jpeg23818t0:-4 130 6 140
t1:56 140 81 165
t2:-5 192 17 217
t3:236 183 254 195
t4:5 148 16 159
t5:111 165 126 182
t6:279 169 291 193
t6:33 197 56 224
[I:/Experiment/dataset/pafiss_eval_dataset/sequence03/2043_000142.jpeg23818t0:-5 129 5 139
t1:56 139 81 164
t2:-5 192 17 217
t3:236 183 254 195
t4:4 146 15 158
t5:113 164 128 181
t6:279 169 291 193
t6:32 196 55 223
[I:/Experiment/dataset/pafiss_eval_dataset/sequence03/2043_000143.jpeg23818t0:-5 130 5 140
t1:56 139 81 164
t2:-4 191 16 213
t3:236 183 254 195
t4:3 146 14 158
t5:113 164 128 181
t6:279 169 291 193
t6:31 194 54 221
[I:/Experiment/dataset/pafiss_eval_dataset/sequence03/2043_000144.jpeg23818t0:-5 129 5 139
t1:55 140 80 165
t2:-4 190 16 212
t3:236 183 254 195
t4:3 146 15 159
t5:115 164 130 181
t6:279 169 291 193
t6:29 194 53 221
[I:/Experiment/dataset/pafiss_eval_dataset/sequence03/2043_000145.jpeg23818t0:-6 129 4 139
t1:56 139 81 164
t2:-5 189 15 211
t3:236 183 254 195
t4:4 147 14 158
t5:115 164 130 181
t6:278 169 290 193
t6:30 192 53 218
[I:/Experiment/dataset/pafiss_eval_dataset/sequence03/2043_000146.jpeg23818t0:-6 129 4 139
t1:55 140 80 165
t2:-7 188 13 210
t3:236 183 254 195
t4:3 146 13 157
t5:116 164 131 181
t6:278 169 290 193
t6:29 191 52 217
[I:/Experiment/dataset/pafiss_eval_dataset/sequence03/2043_000147.jpeg23818t0:-7 129 2 138
t1:55 139 80 164
t2:-6 188 13 209
t3:235 183 253 195
t4:2 145 12 156
t5:117 163 132 180
t6:278 169 290 193
t6:27 190 50 216
[I:/Experiment/dataset/pafiss_eval_dataset/sequence03/2043_000148.jpeg23818t0:-7 128 2 137
t1:55 140 80 165
t2:-7 187 12 208
t3:236 183 253 195
t4:2 145 12 156
t5:117 163 132 180
t6:278 169 290 193
t6:26 190 49 216
[I:/Experiment/dataset/pafiss_eval_dataset/sequence03/2043_000149.jpeg23818t0:-8 127 3 138
t1:54 139 79 164
t2:-7 185 12 206
t3:235 183 252 195
t4:2 145 12 156
t5:119 163 134 180
t6:278 169 290 193
t6:27 189 48 213
[I:/Experiment/dataset/pafiss_eval_dataset/sequence03/2043_000150.jpeg23818t0:-8 127 3 138
t1:54 139 79 164
t2:-7 184 12 205
t3:235 183 252 195
t4:2 144 12 155
t5:121 164 135 180
t6:278 169 290 193
t6:26 187 47 211
[I:/Experiment/dataset/pafiss_eval_dataset/sequence03/2043_000151.jpeg23818t0:-8 127 3 138
t1:54 139 79 164
t2:-6 185 10 203
t3:235 183 253 195
t4:1 144 11 155
t5:121 163 134 178
t6:277 169 289 193
t6:26 187 47 211
[I:/Experiment/dataset/pafiss_eval_dataset/sequence03/2043_000152.jpeg23818t0:-8 127 3 138
t1:54 139 79 164
t2:-7 183 11 202
t3:234 183 253 196
t4:1 143 11 154
t5:122 163 135 178
t6:277 170 289 194
t6:25 186 46 210
[I:/Experiment/dataset/pafiss_eval_dataset/sequence03/2043_000153.jpeg23818t0:-8 126 3 137
t1:54 139 79 164
t2:-7 182 11 201
t3:234 183 253 196
t4:0 143 10 154
t5:124 163 137 178
t6:277 169 289 193
t6:25 184 46 208
[I:/Experiment/dataset/pafiss_eval_dataset/sequence03/2043_000154.jpeg23818t0:-9 126 3 138
t1:54 139 79 164
t2:-10 180 9 201
t3:234 183 253 196
t4:0 143 10 154
t5:125 162 138 177
t6:277 169 289 193
t6:24 184 45 208
[I:/Experiment/dataset/pafiss_eval_dataset/sequence03/2043_000155.jpeg23818t0:-9 126 2 137
t1:54 139 79 164
t2:-9 179 8 198
t3:233 182 252 195
t4:0 142 10 153
t5:126 162 139 177
t6:277 169 289 193
t6:23 182 44 206
[I:/Experiment/dataset/pafiss_eval_dataset/sequence03/2043_000156.jpeg23818t0:-9 127 1 137
t1:53 139 78 164
t2:-9 179 8 198
t3:233 183 252 196
t4:-1 142 9 153
t5:127 162 140 177
t6:277 169 289 193
t6:23 182 44 206
[I:/Experiment/dataset/pafiss_eval_dataset/sequence03/2043_000157.jpeg23818t0:-9 127 1 137
t1:54 139 79 164
t2:-9 178 8 197
t3:233 182 252 195
t4:-1 142 9 153
t5:128 161 141 176
t6:277 169 289 193
t6:23 183 43 205
[I:/Experiment/dataset/pafiss_eval_dataset/sequence03/2043_000158.jpeg23818t0:-9 127 1 137
t1:53 138 78 163
t2:-9 177 9 196
t3:234 183 252 195
t4:-1 141 9 152
t5:129 162 142 177
t6:276 169 288 193
t6:21 181 41 204
[I:/Experiment/dataset/pafiss_eval_dataset/sequence03/2043_000159.jpeg23818t0:-9 127 1 137
t1:53 139 78 164
t2:-12 176 7 197
t3:233 183 250 194
t4:-2 141 8 152
t5:129 160 143 176
t6:276 169 288 193
t6:20 180 40 203
[I:/Experiment/dataset/pafiss_eval_dataset/sequence03/2043_000160.jpeg23818t0:-9 127 1 137
t1:53 139 78 164
t2:-11 176 6 195
t3:233 183 250 194
t4:-1 142 8 152
t5:131 160 145 176
t6:275 169 287 194
t6:20 179 40 202
[I:/Experiment/dataset/pafiss_eval_dataset/sequence03/2043_000161.jpeg23818t0:-9 127 1 137
t1:53 139 78 164
t2:-12 175 5 194
t3:233 183 251 195
t4:-2 141 7 151
t5:132 160 146 176
t6:275 169 287 194
t6:20 178 40 201
[I:/Experiment/dataset/pafiss_eval_dataset/sequence03/2043_000162.jpeg23818t0:-9 123 2 134
t1:52 138 77 163
t2:-12 175 5 194
t3:232 182 250 194
t4:-1 141 8 151
t5:133 160 147 176
t6:275 169 287 194
t6:19 178 39 201
[I:/Experiment/dataset/pafiss_eval_dataset/sequence03/2043_000163.jpeg23818t0:-11 122 1 134
t1:52 138 77 163
t2:-11 174 5 192
t3:232 182 251 194
t4:-3 140 6 150
t5:134 160 148 176
t6:275 169 287 194
t6:18 176 37 198
[I:/Experiment/dataset/pafiss_eval_dataset/sequence03/2043_000164.jpeg23818t0:-11 122 1 134
t1:52 138 77 163
t2:-12 174 4 192
t3:232 182 251 194
t4:-3 140 6 149
t5:134 159 148 175
t6:275 169 287 194
t6:17 176 36 198
[I:/Experiment/dataset/pafiss_eval_dataset/sequence03/2043_000165.jpeg23818t0:-11 122 1 134
t1:51 138 76 163
t2:-14 173 3 191
t3:231 182 250 194
t4:-3 140 5 149
t5:135 159 149 175
t6:274 169 286 194
t6:17 175 35 196
[I:/Experiment/dataset/pafiss_eval_dataset/sequence03/2043_000166.jpeg23818t0:-11 122 1 134
t1:51 138 76 163
t2:-14 176 4 196
t3:231 182 250 194
t4:-4 139 5 149
t5:136 159 150 175
t6:274 169 287 194
t6:17 173 36 194
[I:/Experiment/dataset/pafiss_eval_dataset/sequence03/2043_000167.jpeg23818t0:-10 123 2 135
t1:51 138 76 163
t2:-14 181 4 201
t3:231 182 250 194
t4:-4 139 5 149
t5:139 160 151 174
t6:274 169 287 194
t6:16 173 35 194
[I:/Experiment/dataset/pafiss_eval_dataset/sequence03/2043_000168.jpeg23818t0:-11 123 1 135
t1:51 138 76 163
t2:-14 181 4 201
t3:231 182 250 194
t4:-6 139 4 149
t5:139 158 152 173
t6:273 169 286 194
t6:14 173 33 195
[I:/Experiment/dataset/pafiss_eval_dataset/sequence03/2043_000169.jpeg23818t0:-11 123 1 135
t1:50 138 75 163
t2:-13 180 3 198
t3:231 182 250 194
t4:-5 138 4 148
t5:139 159 151 173
t6:273 169 286 194
t6:15 172 32 192
[I:/Experiment/dataset/pafiss_eval_dataset/sequence03/2043_000170.jpeg23818t0:-10 122 2 134
t1:50 137 75 162
t3:230 183 247 194
t4:-6 137 3 147
t5:141 159 153 173
t6:273 169 286 194
t6:15 171 32 191
[I:/Experiment/dataset/pafiss_eval_dataset/sequence03/2043_000171.jpeg23818t0:-10 122 2 134
t1:49 138 74 163
t3:229 182 247 194
t4:-5 137 4 147
t5:142 158 154 172
t6:272 169 285 194
t6:12 170 31 191
[I:/Experiment/dataset/pafiss_eval_dataset/sequence03/2043_000172.jpeg23818t0:-10 122 2 134
t1:49 137 74 162
t3:229 183 247 195
t4:-6 137 3 147
t5:143 159 156 173
t6:272 169 285 194
t6:13 169 30 188
[I:/Experiment/dataset/pafiss_eval_dataset/sequence03/2043_000173.jpeg23818t0:-10 123 2 135
t1:49 138 74 163
t3:229 183 247 195
t4:-6 138 3 148
t5:145 158 158 172
t6:272 169 285 194
t6:11 169 28 188
[I:/Experiment/dataset/pafiss_eval_dataset/sequence03/2043_000174.jpeg23818t0:-10 123 2 135
t1:49 137 74 162
t3:229 183 247 195
t4:-7 137 2 147
t5:145 158 158 172
t6:272 169 285 194
t6:11 169 28 188
[I:/Experiment/dataset/pafiss_eval_dataset/sequence03/2043_000175.jpeg23818t0:-11 123 1 135
t1:49 138 74 163
t3:229 183 246 195
t4:-7 137 2 147
t5:146 157 159 171
t6:272 168 285 193
t6:11 168 28 187
[I:/Experiment/dataset/pafiss_eval_dataset/sequence03/2043_000176.jpeg23818t0:-10 124 2 136
t1:48 137 73 162
t3:229 183 246 195
t4:-7 138 1 147
t5:148 157 161 171
t6:271 169 284 194
t6:8 166 27 187
[I:/Experiment/dataset/pafiss_eval_dataset/sequence03/2043_000177.jpeg23818t0:-11 124 1 136
t1:48 138 73 163
t2:1 257 34 287
t3:229 183 246 195
t4:-7 136 1 145
t5:149 157 162 171
t6:271 168 284 193
t6:8 166 27 187
[I:/Experiment/dataset/pafiss_eval_dataset/sequence03/2043_000178.jpeg23818t0:-10 124 2 136
t1:48 137 73 162
t2:0 254 33 284
t3:228 183 245 195
t4:-6 137 2 146
t5:150 157 163 171
t6:271 168 284 193
t6:8 165 26 185
[I:/Experiment/dataset/pafiss_eval_dataset/sequence03/2043_000179.jpeg23818t0:-11 124 1 136
t1:48 137 73 162
t2:0 252 33 282
t3:228 183 245 195
t4:-6 137 2 146
t5:151 157 164 172
t6:271 168 284 193
t6:9 166 25 184
[I:/Experiment/dataset/pafiss_eval_dataset/sequence03/2043_000180.jpeg23818t0:-10 124 2 136
t1:48 138 73 163
t2:-1 251 29 278
t3:229 182 246 194
t4:-6 137 1 145
t5:153 157 166 172
t6:271 168 284 193
t6:8 165 24 183
[I:/Experiment/dataset/pafiss_eval_dataset/sequence03/2043_000181.jpeg23818t0:-10 124 2 136
t1:47 137 72 162
t2:-1 248 29 275
t3:228 182 247 194
t4:-6 137 1 145
t5:155 158 167 172
t6:271 168 284 193
t6:7 165 23 183
[I:/Experiment/dataset/pafiss_eval_dataset/sequence03/2043_000182.jpeg23818t0:-9 125 2 136
t1:47 138 72 163
t2:-2 245 28 272
t3:228 182 247 194
t4:-5 137 2 145
t5:156 158 168 171
t6:271 168 284 193
t6:7 164 23 183
[I:/Experiment/dataset/pafiss_eval_dataset/sequence03/2043_000183.jpeg23818t0:-9 125 2 136
t1:47 137 72 162
t2:-3 242 27 269
t3:229 183 246 194
t4:-5 138 2 145
t5:157 156 169 169
t6:270 168 283 193
t6:7 163 23 181
[I:/Experiment/dataset/pafiss_eval_dataset/sequence03/2043_000184.jpeg23818t0:-9 125 2 136
t1:46 138 71 163
t2:-2 243 25 268
t3:227 182 244 194
t4:-5 139 2 146
t5:158 156 170 169
t6:270 168 283 193
t6:7 163 23 181
[I:/Experiment/dataset/pafiss_eval_dataset/sequence03/2043_000185.jpeg23818t0:-9 125 2 136
t1:46 137 71 162
t2:-4 239 23 264
t3:227 182 244 194
t4:-5 139 2 146
t5:160 156 172 169
t6:270 168 283 193
t6:5 162 21 180
